1,2,396.000000,178.000000,104.000000,236.000000,-1.000000,-1.000000,-1.000000,-1.000000
2,2,407.317829,177.891737,102.916649,234.901151,-1.000000,-1.000000,-1.000000,-1.000000
3,2,419.442247,177.566507,102.879602,235.467610,-1.000000,-1.000000,-1.000000,-1.000000
4,2,423.892300,177.899250,104.011418,238.367395,-1.000000,-1.000000,-1.000000,-1.000000
5,2,442.793632,197.728249,88.732335,203.874604,-1.000000,-1.000000,-1.000000,-1.000000
6,2,438.309512,181.797303,108.214158,250.486413,-1.000000,-1.000000,-1.000000,-1.000000
1,3,160.000000,252.000000,47.893000,108.680000,-1.000000,-1.000000,-1.000000,-1.000000
2,3,163.229158,252.903393,47.340474,108.025271,-1.000000,-1.000000,-1.000000,-1.000000
3,3,171.400630,252.333847,47.503818,108.378826,-1.000000,-1.000000,-1.000000,-1.000000
4,3,171.405864,251.785692,47.588282,109.137221,-1.000000,-1.000000,-1.000000,-1.000000
5,3,175.429422,250.569775,48.672414,112.163547,-1.000000,-1.000000,-1.000000,-1.000000
6,3,180.883102,246.802457,49.158381,112.720662,-1.000000,-1.000000,-1.000000,-1.000000
7,3,186.078341,247.526117,44.760050,101.568876,-1.000000,-1.000000,-1.000000,-1.000000
1,5,166.000000,201.000000,52.000000,118.000000,-1.000000,-1.000000,-1.000000,-1.000000
2,5,170.255446,201.597464,50.712536,115.847329,-1.000000,-1.000000,-1.000000,-1.000000
3,5,174.191347,201.394150,50.993633,116.448221,-1.000000,-1.000000,-1.000000,-1.000000
4,5,177.808349,201.694170,50.983672,117.124294,-1.000000,-1.000000,-1.000000,-1.000000
5,5,182.414028,202.680631,50.758822,117.309764,-1.000000,-1.000000,-1.000000,-1.000000
6,5,187.641056,202.863541,50.361536,117.087691,-1.000000,-1.000000,-1.000000,-1.000000
1,6,277.000000,188.000000,86.667000,196.670000,-1.000000,-1.000000,-1.000000,-1.000000
2,6,272.653928,204.415604,73.894004,168.710865,-1.000000,-1.000000,-1.000000,-1.000000
3,6,256.920913,190.668705,84.398573,192.792048,-1.000000,-1.000000,-1.000000,-1.000000
4,6,251.321495,188.956928,84.686043,193.223233,-1.000000,-1.000000,-1.000000,-1.000000
5,6,247.832523,187.695905,82.512083,190.265921,-1.000000,-1.000000,-1.000000,-1.000000
6,6,238.174879,185.373906,87.069584,200.096692,-1.000000,-1.000000,-1.000000,-1.000000
7,6,237.099839,188.285383,85.313581,195.867456,-1.000000,-1.000000,-1.000000,-1.000000
8,6,231.357137,188.727083,80.754230,185.395794,-1.000000,-1.000000,-1.000000,-1.000000
9,6,220.541824,184.436891,81.704310,187.407162,-1.000000,-1.000000,-1.000000,-1.000000
10,6,212.391509,176.813455,91.303239,209.150672,-1.000000,-1.000000,-1.000000,-1.000000
6,7,77.975001,179.415357,101.421332,230.957665,-1.000000,-1.000000,-1.000000,-1.000000
7,7,92.892615,177.588026,96.842114,221.470258,-1.000000,-1.000000,-1.000000,-1.000000
8,7,97.951884,180.159071,98.610034,227.924166,-1.000000,-1.000000,-1.000000,-1.000000
9,7,112.177164,176.720702,93.063737,214.532925,-1.000000,-1.000000,-1.000000,-1.000000
10,7,123.573728,173.736071,107.676738,247.279133,-1.000000,-1.000000,-1.000000,-1.000000
11,7,139.765576,173.195685,107.692669,247.237862,-1.000000,-1.000000,-1.000000,-1.000000
7,9,460.000000,178.000000,104.000000,236.000000,-1.000000,-1.000000,-1.000000,-1.000000
8,9,462.181352,177.380241,103.026099,235.148194,-1.000000,-1.000000,-1.000000,-1.000000
9,9,466.007549,176.451123,102.681623,235.019547,-1.000000,-1.000000,-1.000000,-1.000000
10,9,476.455194,175.271462,103.488523,237.174659,-1.000000,-1.000000,-1.000000,-1.000000
11,9,480.392020,174.478947,103.040614,236.328482,-1.000000,-1.000000,-1.000000,-1.000000
12,9,484.962687,173.759333,103.418098,237.268272,-1.000000,-1.000000,-1.000000,-1.000000
13,9,497.181976,177.044087,101.307841,232.499532,-1.000000,-1.000000,-1.000000,-1.000000
14,9,501.711901,176.834109,100.755429,231.221463,-1.000000,-1.000000,-1.000000,-1.000000
15,9,506.079227,178.929367,99.286382,227.849940,-1.000000,-1.000000,-1.000000,-1.000000
16,9,515.300067,177.515142,100.546745,230.689019,-1.000000,-1.000000,-1.000000,-1.000000
17,9,518.810593,176.074069,101.704662,233.336882,-1.000000,-1.000000,-1.000000,-1.000000
18,9,541.552628,190.895958,87.985665,202.243364,-1.000000,-1.000000,-1.000000,-1.000000
19,9,541.566038,169.800597,105.492084,241.869678,-1.000000,-1.000000,-1.000000,-1.000000
11,10,215.000000,176.000000,94.545000,214.550000,-1.000000,-1.000000,-1.000000,-1.000000
12,10,211.489124,175.165618,90.010107,205.433910,-1.000000,-1.000000,-1.000000,-1.000000
13,10,210.760797,175.826710,93.288948,215.043462,-1.000000,-1.000000,-1.000000,-1.000000
14,10,213.701038,175.386957,90.543297,211.061808,-1.000000,-1.000000,-1.000000,-1.000000
15,10,218.770532,158.657113,98.148697,226.671526,-1.000000,-1.000000,-1.000000,-1.000000
16,10,218.198765,165.701039,89.126073,208.451467,-1.000000,-1.000000,-1.000000,-1.000000
17,10,218.214745,150.374451,91.912902,217.094884,-1.000000,-1.000000,-1.000000,-1.000000
19,12,180.113872,190.448408,110.034178,250.661912,-1.000000,-1.000000,-1.000000,-1.000000
20,12,197.266931,184.664544,105.474947,241.299569,-1.000000,-1.000000,-1.000000,-1.000000
21,12,200.731236,181.701039,110.711335,253.596561,-1.000000,-1.000000,-1.000000,-1.000000
22,12,212.186987,195.180938,106.472259,246.899681,-1.000000,-1.000000,-1.000000,-1.000000
23,12,226.107838,195.630318,103.241210,242.271840,-1.000000,-1.000000,-1.000000,-1.000000
24,12,236.095038,193.591090,101.323851,240.518016,-1.000000,-1.000000,-1.000000,-1.000000
18,13,284.000000,203.000000,62.220000,141.190000,-1.000000,-1.000000,-1.000000,-1.000000
19,13,286.204763,203.230501,61.886146,140.999471,-1.000000,-1.000000,-1.000000,-1.000000
20,13,288.267014,203.273177,62.007124,141.545290,-1.000000,-1.000000,-1.000000,-1.000000
21,13,295.807082,207.387763,58.550434,133.847148,-1.000000,-1.000000,-1.000000,-1.000000
22,13,305.240901,208.185699,58.573893,133.897889,-1.000000,-1.000000,-1.000000,-1.000000
23,13,311.834992,205.828354,59.809961,137.680736,-1.000000,-1.000000,-1.000000,-1.000000
24,13,320.063577,211.301563,53.698455,123.346777,-1.000000,-1.000000,-1.000000,-1.000000
25,13,325.128338,208.195087,56.983263,131.613309,-1.000000,-1.000000,-1.000000,-1.000000
26,13,327.458068,204.690687,60.408077,140.369314,-1.000000,-1.000000,-1.000000,-1.000000
27,13,332.960708,204.750776,55.958237,127.256387,-1.000000,-1.000000,-1.000000,-1.000000
21,14,143.000000,188.000000,86.667000,196.670000,-1.000000,-1.000000,-1.000000,-1.000000
22,14,139.603933,181.469418,89.737523,204.671633,-1.000000,-1.000000,-1.000000,-1.000000
23,14,131.731025,192.967504,82.613263,189.073952,-1.000000,-1.000000,-1.000000,-1.000000
24,14,126.910619,185.321943,86.506475,198.061967,-1.000000,-1.000000,-1.000000,-1.000000
25,14,115.891749,181.749365,89.551721,205.111704,-1.000000,-1.000000,-1.000000,-1.000000
26,14,117.126968,192.977045,79.505498,182.427122,-1.000000,-1.000000,-1.000000,-1.000000
27,14,101.806315,183.085056,88.826682,203.482359,-1.000000,-1.000000,-1.000000,-1.000000
28,14,99.696210,189.067778,85.815249,196.744899,-1.000000,-1.000000,-1.000000,-1.000000
29,14,93.864127,192.730926,79.769713,183.026589,-1.000000,-1.000000,-1.000000,-1.000000
30,14,81.684672,180.022070,89.769797,205.634856,-1.000000,-1.000000,-1.000000,-1.000000
31,14,71.008641,181.925565,90.044104,206.365295,-1.000000,-1.000000,-1.000000,-1.000000
32,14,61.017417,183.801269,90.394138,207.250029,-1.000000,-1.000000,-1.000000,-1.000000
24,15,-9.000000,178.000000,47.893000,108.680000,-1.000000,-1.000000,-1.000000,-1.000000
25,15,-6.425743,177.407767,47.414106,107.898080,-1.000000,-1.000000,-1.000000,-1.000000
26,15,2.204176,175.007157,46.733444,106.932728,-1.000000,-1.000000,-1.000000,-1.000000
27,15,8.645818,173.743060,46.545436,107.045335,-1.000000,-1.000000,-1.000000,-1.000000
28,15,15.043573,172.248567,46.414308,107.275642,-1.000000,-1.000000,-1.000000,-1.000000
29,15,20.279590,173.847463,45.229618,102.814831,-1.000000,-1.000000,-1.000000,-1.000000
25,16,226.000000,196.000000,74.286000,168.570000,-1.000000,-1.000000,-1.000000,-1.000000
26,16,223.541339,189.633684,77.544152,176.745443,-1.000000,-1.000000,-1.000000,-1.000000
27,16,233.333956,192.676772,75.009924,172.709909,-1.000000,-1.000000,-1.000000,-1.000000
28,16,233.091625,195.357001,74.072504,170.129731,-1.000000,-1.000000,-1.000000,-1.000000
29,16,243.056823,189.278506,78.879498,182.660035,-1.000000,-1.000000,-1.000000,-1.000000
30,16,254.677407,195.292990,77.065142,177.605036,-1.000000,-1.000000,-1.000000,-1.000000
31,16,253.828112,196.351834,75.755922,172.667682,-1.000000,-1.000000,-1.000000,-1.000000
32,16,258.945824,196.304442,74.266035,169.311943,-1.000000,-1.000000,-1.000000,-1.000000
33,16,261.597503,195.956031,73.104620,167.078201,-1.000000,-1.000000,-1.000000,-1.000000
34,16,267.398995,194.133931,72.082591,166.293298,-1.000000,-1.000000,-1.000000,-1.000000
35,16,272.955963,197.918265,71.062654,162.934209,-1.000000,-1.000000,-1.000000,-1.000000
36,16,278.512930,201.702599,70.042718,159.575121,-1.000000,-1.000000,-1.000000,-1.000000
37,16,283.336018,199.207725,71.698490,163.528947,-1.000000,-1.000000,-1.000000,-1.000000
38,16,285.324621,198.600710,72.654009,165.681104,-1.000000,-1.000000,-1.000000,-1.000000
39,16,285.760166,196.904783,73.211905,166.937680,-1.000000,-1.000000,-1.000000,-1.000000
40,16,292.352153,196.783907,73.583142,167.773833,-1.000000,-1.000000,-1.000000,-1.000000
41,16,293.938139,193.569381,79.542310,181.625233,-1.000000,-1.000000,-1.000000,-1.000000
42,16,294.738365,190.397969,79.286617,180.826710,-1.000000,-1.000000,-1.000000,-1.000000
43,16,300.598159,190.507423,82.480841,188.250982,-1.000000,-1.000000,-1.000000,-1.000000
44,16,304.044061,189.719722,83.593222,190.759159,-1.000000,-1.000000,-1.000000,-1.000000
45,16,306.016994,189.245296,84.153413,192.022268,-1.000000,-1.000000,-1.000000,-1.000000
46,16,314.491002,191.915179,78.826615,179.583939,-1.000000,-1.000000,-1.000000,-1.000000
47,16,317.784827,194.139297,75.586053,172.755824,-1.000000,-1.000000,-1.000000,-1.000000
48,16,325.738417,193.773683,75.746295,173.314804,-1.000000,-1.000000,-1.000000,-1.000000
49,16,328.047552,193.709418,75.198145,172.172742,-1.000000,-1.000000,-1.000000,-1.000000
50,16,330.352732,193.851171,75.114646,172.024881,-1.000000,-1.000000,-1.000000,-1.000000
51,16,338.020995,193.963995,74.670341,171.034551,-1.000000,-1.000000,-1.000000,-1.000000
52,16,340.353920,193.410696,75.114036,172.044784,-1.000000,-1.000000,-1.000000,-1.000000
53,16,347.507965,193.173757,75.508066,172.949776,-1.000000,-1.000000,-1.000000,-1.000000
54,16,349.779523,193.391823,76.391118,174.969636,-1.000000,-1.000000,-1.000000,-1.000000
55,16,351.689994,193.949158,76.368241,174.940608,-1.000000,-1.000000,-1.000000,-1.000000
56,16,360.440852,200.503885,73.588637,168.646789,-1.000000,-1.000000,-1.000000,-1.000000
57,16,361.700708,193.157215,76.530264,175.282380,-1.000000,-1.000000,-1.000000,-1.000000
58,16,364.700980,193.291302,76.082473,174.291614,-1.000000,-1.000000,-1.000000,-1.000000
59,16,372.108745,199.842457,73.239193,167.847159,-1.000000,-1.000000,-1.000000,-1.000000
60,16,380.156535,198.948265,76.144668,174.396160,-1.000000,-1.000000,-1.000000,-1.000000
61,16,375.973347,199.447076,75.231744,172.345225,-1.000000,-1.000000,-1.000000,-1.000000
62,16,378.015317,194.574723,74.601278,170.906837,-1.000000,-1.000000,-1.000000,-1.000000
63,16,385.463684,194.807715,74.792187,171.326595,-1.000000,-1.000000,-1.000000,-1.000000
64,16,387.612471,195.318912,74.360732,170.341981,-1.000000,-1.000000,-1.000000,-1.000000
65,16,395.422300,202.417895,71.338024,163.473874,-1.000000,-1.000000,-1.000000,-1.000000
66,16,402.718490,202.078778,71.902035,164.701290,-1.000000,-1.000000,-1.000000,-1.000000
67,16,405.891893,209.922130,68.510637,156.984909,-1.000000,-1.000000,-1.000000,-1.000000
68,16,409.144599,198.159330,73.834697,170.445785,-1.000000,-1.000000,-1.000000,-1.000000
69,16,421.005137,203.376250,72.450114,166.670701,-1.000000,-1.000000,-1.000000,-1.000000
70,16,418.210054,198.295756,76.284237,176.934902,-1.000000,-1.000000,-1.000000,-1.000000
71,16,425.840823,201.711541,75.532502,172.164462,-1.000000,-1.000000,-1.000000,-1.000000
28,17,291.927539,176.351674,98.473682,224.311357,-1.000000,-1.000000,-1.000000,-1.000000
29,17,301.724725,175.497376,91.358077,208.989936,-1.000000,-1.000000,-1.000000,-1.000000
30,17,296.662731,173.475212,110.810215,253.412916,-1.000000,-1.000000,-1.000000,-1.000000
31,17,303.269955,179.515079,110.453802,253.056187,-1.000000,-1.000000,-1.000000,-1.000000
32,17,316.630186,178.562229,103.978190,238.555836,-1.000000,-1.000000,-1.000000,-1.000000
33,17,326.969900,181.877031,99.438950,228.249997,-1.000000,-1.000000,-1.000000,-1.000000
34,17,347.244133,184.389686,95.077501,220.833426,-1.000000,-1.000000,-1.000000,-1.000000
35,17,353.036235,179.527677,100.168178,231.064159,-1.000000,-1.000000,-1.000000,-1.000000
36,17,357.666605,179.717388,101.635062,233.789027,-1.000000,-1.000000,-1.000000,-1.000000
37,17,371.101208,181.952709,100.103021,229.997543,-1.000000,-1.000000,-1.000000,-1.000000
38,17,379.821414,179.902187,101.215695,231.061854,-1.000000,-1.000000,-1.000000,-1.000000
39,17,381.030040,177.117963,105.365750,241.083315,-1.000000,-1.000000,-1.000000,-1.000000
40,17,394.664734,179.385313,99.841552,231.269277,-1.000000,-1.000000,-1.000000,-1.000000
52,17,500.005505,168.513231,94.429716,215.193094,-1.000000,-1.000000,-1.000000,-1.000000
53,17,506.756378,172.088519,93.695160,213.801004,-1.000000,-1.000000,-1.000000,-1.000000
26,18,-11.000000,280.000000,56.877000,129.070000,-1.000000,-1.000000,-1.000000,-1.000000
27,18,-11.532646,278.812368,56.687256,129.564060,-1.000000,-1.000000,-1.000000,-1.000000
28,18,-6.825734,284.415647,54.288305,124.113197,-1.000000,-1.000000,-1.000000,-1.000000
29,18,-14.160450,258.518657,67.596582,154.241731,-1.000000,-1.000000,-1.000000,-1.000000
30,18,-10.380308,268.567475,58.423478,134.806222,-1.000000,-1.000000,-1.000000,-1.000000
31,18,-11.738787,274.786731,57.764681,134.278650,-1.000000,-1.000000,-1.000000,-1.000000
32,18,-11.535950,275.046881,57.507562,134.639357,-1.000000,-1.000000,-1.000000,-1.000000
33,20,-5.301241,176.862335,103.504465,236.227935,-1.000000,-1.000000,-1.000000,-1.000000
34,20,-1.774768,185.730745,97.385926,223.010720,-1.000000,-1.000000,-1.000000,-1.000000
35,20,17.953294,179.245055,102.739398,235.393128,-1.000000,-1.000000,-1.000000,-1.000000
36,20,19.998194,174.482697,107.066242,245.450536,-1.000000,-1.000000,-1.000000,-1.000000
37,20,25.557461,177.824842,104.996995,240.916084,-1.000000,-1.000000,-1.000000,-1.000000
38,20,27.264492,166.971947,113.172782,262.325260,-1.000000,-1.000000,-1.000000,-1.000000
39,20,37.425759,169.333840,109.459142,249.668493,-1.000000,-1.000000,-1.000000,-1.000000
40,20,51.116583,173.731136,105.922468,242.456900,-1.000000,-1.000000,-1.000000,-1.000000
41,20,55.199635,172.174054,105.883650,242.719076,-1.000000,-1.000000,-1.000000,-1.000000
42,20,64.290187,168.818354,108.189396,248.155618,-1.000000,-1.000000,-1.000000,-1.000000
43,20,68.449147,168.798406,107.770130,247.336285,-1.000000,-1.000000,-1.000000,-1.000000
44,20,78.731014,165.645690,110.453971,253.527451,-1.000000,-1.000000,-1.000000,-1.000000
45,20,85.413442,169.771503,108.576757,249.325411,-1.000000,-1.000000,-1.000000,-1.000000
46,20,93.766580,173.209139,107.992476,247.676887,-1.000000,-1.000000,-1.000000,-1.000000
47,20,102.119719,176.646774,107.408194,246.028362,-1.000000,-1.000000,-1.000000,-1.000000
48,20,110.472857,180.084409,106.823912,244.379837,-1.000000,-1.000000,-1.000000,-1.000000
49,20,118.825995,183.522044,106.239631,242.731313,-1.000000,-1.000000,-1.000000,-1.000000
50,20,127.179133,186.959680,105.655349,241.082788,-1.000000,-1.000000,-1.000000,-1.000000
51,20,146.994792,181.344050,104.555773,238.600889,-1.000000,-1.000000,-1.000000,-1.000000
52,20,156.256286,178.923647,103.737126,236.753085,-1.000000,-1.000000,-1.000000,-1.000000
53,20,159.110033,178.206268,103.325923,235.824940,-1.000000,-1.000000,-1.000000,-1.000000
54,20,170.368565,176.415623,103.075761,235.918013,-1.000000,-1.000000,-1.000000,-1.000000
55,20,185.451736,203.485538,91.249184,209.407936,-1.000000,-1.000000,-1.000000,-1.000000
56,20,187.863698,163.975110,107.611943,248.955114,-1.000000,-1.000000,-1.000000,-1.000000
67,20,294.760004,186.097801,103.175131,235.484581,-1.000000,-1.000000,-1.000000,-1.000000
68,20,302.991370,183.341361,103.397562,235.986641,-1.000000,-1.000000,-1.000000,-1.000000
69,20,311.222737,180.584920,103.619994,236.488700,-1.000000,-1.000000,-1.000000,-1.000000
70,20,315.503198,181.102582,103.124650,235.370639,-1.000000,-1.000000,-1.000000,-1.000000
71,20,327.510051,181.015084,102.148330,233.810165,-1.000000,-1.000000,-1.000000,-1.000000
41,23,10.000000,188.000000,86.667000,196.670000,-1.000000,-1.000000,-1.000000,-1.000000
42,23,6.444801,189.952448,89.744045,204.686338,-1.000000,-1.000000,-1.000000,-1.000000
43,23,-4.449120,183.492053,89.486670,204.674428,-1.000000,-1.000000,-1.000000,-1.000000
44,23,-15.401143,184.341462,89.536324,205.053798,-1.000000,-1.000000,-1.000000,-1.000000
45,23,-18.574185,190.594083,85.730141,196.543651,-1.000000,-1.000000,-1.000000,-1.000000
46,23,-29.954479,183.841763,89.925109,208.113165,-1.000000,-1.000000,-1.000000,-1.000000
41,24,383.000000,175.000000,125.530000,284.850000,-1.000000,-1.000000,-1.000000,-1.000000
42,24,393.173320,168.559021,113.523071,259.371807,-1.000000,-1.000000,-1.000000,-1.000000
43,24,405.001547,162.071845,114.760281,262.857240,-1.000000,-1.000000,-1.000000,-1.000000
44,24,406.718144,170.361575,115.408200,264.727767,-1.000000,-1.000000,-1.000000,-1.000000
45,24,406.493189,169.325204,125.416319,287.655053,-1.000000,-1.000000,-1.000000,-1.000000
46,24,421.428758,174.452572,124.288830,285.312042,-1.000000,-1.000000,-1.000000,-1.000000
47,24,436.051336,175.334239,124.026054,284.805676,-1.000000,-1.000000,-1.000000,-1.000000
48,24,442.750001,176.868688,123.432055,283.489718,-1.000000,-1.000000,-1.000000,-1.000000
49,24,451.789585,179.594827,120.393381,279.997568,-1.000000,-1.000000,-1.000000,-1.000000
50,24,468.713777,177.355004,112.546623,260.493059,-1.000000,-1.000000,-1.000000,-1.000000
51,24,468.840731,168.961992,123.279153,288.264880,-1.000000,-1.000000,-1.000000,-1.000000
53,26,470.000000,233.000000,52.000000,118.000000,-1.000000,-1.000000,-1.000000,-1.000000
54,26,471.032888,224.051261,55.329546,125.904675,-1.000000,-1.000000,-1.000000,-1.000000
55,26,476.990410,220.990240,55.943476,127.432283,-1.000000,-1.000000,-1.000000,-1.000000
56,26,480.610176,215.110613,56.511300,128.921631,-1.000000,-1.000000,-1.000000,-1.000000
57,26,488.491035,219.333567,56.515477,129.045332,-1.000000,-1.000000,-1.000000,-1.000000
58,26,493.657666,215.068633,59.631611,136.167481,-1.000000,-1.000000,-1.000000,-1.000000
59,26,503.883966,217.625638,58.202218,133.012810,-1.000000,-1.000000,-1.000000,-1.000000
57,28,214.000000,241.000000,74.286000,168.570000,-1.000000,-1.000000,-1.000000,-1.000000
58,28,218.437912,222.887892,83.979336,191.364520,-1.000000,-1.000000,-1.000000,-1.000000
59,28,232.613727,246.990841,73.639075,169.900073,-1.000000,-1.000000,-1.000000,-1.000000
60,28,242.190555,241.106743,76.411505,175.565096,-1.000000,-1.000000,-1.000000,-1.000000
61,28,253.095032,249.747260,72.712076,168.789089,-1.000000,-1.000000,-1.000000,-1.000000
62,28,263.071530,239.427879,79.351525,182.714168,-1.000000,-1.000000,-1.000000,-1.000000
63,28,278.553383,253.961084,73.429483,168.780662,-1.000000,-1.000000,-1.000000,-1.000000
64,28,287.372086,250.777298,74.022426,169.825283,-1.000000,-1.000000,-1.000000,-1.000000
65,28,288.987987,248.031522,74.135697,171.653298,-1.000000,-1.000000,-1.000000,-1.000000
66,28,295.116492,238.333562,78.304933,180.229162,-1.000000,-1.000000,-1.000000,-1.000000
58,30,519.000000,175.000000,125.530000,284.850000,-1.000000,-1.000000,-1.000000,-1.000000
59,30,530.901450,175.447962,124.193110,283.582278,-1.000000,-1.000000,-1.000000,-1.000000
60,30,535.248073,174.865047,123.929526,283.832447,-1.000000,-1.000000,-1.000000,-1.000000
61,30,543.401464,176.439589,122.508861,284.060670,-1.000000,-1.000000,-1.000000,-1.000000
62,30,549.403442,176.248356,121.633615,285.483580,-1.000000,-1.000000,-1.000000,-1.000000
63,30,561.485989,179.441732,122.131365,290.085002,-1.000000,-1.000000,-1.000000,-1.000000
60,32,506.000000,211.000000,56.877000,129.070000,-1.000000,-1.000000,-1.000000,-1.000000
61,32,510.811734,210.367626,59.684820,135.896599,-1.000000,-1.000000,-1.000000,-1.000000
62,32,514.246665,213.127026,57.608741,131.479853,-1.000000,-1.000000,-1.000000,-1.000000
63,32,521.148243,208.897491,55.036504,125.186835,-1.000000,-1.000000,-1.000000,-1.000000
64,32,524.002146,209.629213,58.625176,133.607113,-1.000000,-1.000000,-1.000000,-1.000000
65,32,529.838852,204.321842,62.096021,141.703758,-1.000000,-1.000000,-1.000000,-1.000000
66,32,532.109825,210.204521,60.843465,139.032135,-1.000000,-1.000000,-1.000000,-1.000000
67,32,542.221475,210.421475,57.773798,132.125839,-1.000000,-1.000000,-1.000000,-1.000000
68,32,547.961268,209.591152,56.920160,130.156887,-1.000000,-1.000000,-1.000000,-1.000000
69,32,554.838213,214.302468,54.443872,124.502493,-1.000000,-1.000000,-1.000000,-1.000000
70,32,561.526785,212.879539,54.991527,125.670941,-1.000000,-1.000000,-1.000000,-1.000000
71,32,570.826485,215.445206,52.861859,120.825803,-1.000000,-1.000000,-1.000000,-1.000000
